18 30 35 85 93 78 64 44 55 55 97 48 24 100 1 28 40 91 50 39 71 97 52 28 64 7 22 60 37 6 25 68 38 46 11 3 99 65 1 78 74 66 37 23 10 42 30 86 79 97 64 75 71 58 65 76 35 72 63 27 85 65 94 98 14 87 25 31 79 68 46 23 55 79 77 40 4 13 93 10 53 29 60 34 74 27 6 15 48 31 44 6 58 57 5 29 30 60 68 25 
29 86 63 4 68 38 74 36 30 39 36 90 20 84 79 76 52 54 91 46 57 8 40 2 10 19 46 74 49 46 21 29 64 38 9 14 42 72 76 53 26 72 87 63 21 31 9 80 97 67 75 6 88 28 83 12 7 12 1 17 75 32 84 11 52 23 84 91 67 72 24 64 23 42 60 46 47 26 40 30 2 68 27 11 16 94 50 93 69 94 57 24 70 43 58 14 92 51 59 95 
5 79 15 54 91 77 3 28 90 83 51 2 7 42 44 87 13 50 55 36 4 28 20 74 33 40 65 73 41 38 96 23 30 79 26 39 80 87 80 28 81 10 41 34 5 79 95 46 53 37 87 80 27 14 83 98 22 79 45 9 29 46 31 35 80 23 14 53 91 77 81 17 99 11 34 62 62 6 58 68 80 8 73 44 16 10 80 10 14 83 33 79 30 13 57 56 79 78 76 96 
52 84 82 90 50 21 74 92 20 37 72 50 78 68 78 88 15 85 36 38 92 54 30 42 2 29 90 55 35 83 90 38 42 55 91 45 84 3 61 87 7 72 19 12 7 81 73 60 25 99 57 82 77 57 14 41 70 13 6 74 77 83 70 64 100 35 39 29 36 28 40 98 65 90 26 76 58 7 74 45 97 10 58 35 82 22 10 25 77 33 31 38 85 48 2 100 54 21 40 27 
31 88 45 45 4 88 19 48 6 2 37 75 93 1 28 80 17 26 81 63 33 71 30 61 77 3 73 39 27 92 87 100 76 86 18 69 8 98 28 91 73 9 63 55 62 8 70 46 13 4 88 10 98 73 71 65 25 2 78 25 87 94 6 8 21 37 47 75 35 22 48 78 12 96 79 25 100 40 97 34 14 28 98 75 84 83 94 56 99 53 86 64 2 48 55 74 8 14 13 92 
33 24 21 73 98 31 51 89 81 1 28 78 25 80 28 55 21 69 12 24 77 25 50 40 35 4 74 76 2 51 46 81 95 100 13 19 22 75 89 51 95 64 60 12 16 87 15 51 94 18 42 52 61 30 58 68 30 29 65 5 36 17 100 20 65 48 28 62 95 72 93 19 90 21 74 32 76 52 61 62 23 75 38 39 71 42 79 11 46 82 28 49 46 9 68 87 54 90 4 58 
53 4 29 56 67 72 57 61 74 70 40 53 16 71 15 74 18 4 28 49 11 77 78 96 72 27 48 85 38 74 40 69 32 51 94 6 21 76 3 28 26 46 83 39 62 18 20 51 41 46 30 36 39 78 96 37 31 97 97 32 83 42 9 65 62 48 27 87 17 47 19 6 65 7 70 75 12 50 11 74 78 34 42 92 88 37 63 33 60 76 11 7 41 90 85 78 44 73 60 31 
96 84 21 16 12 96 10 98 6 70 1 96 28 99 44 45 46 97 49 42 81 91 79 91 64 88 70 28 72 17 4 87 95 85 68 7 6 42 65 11 13 43 36 42 50 40 1 57 48 39 3 18 17 75 7 46 41 59 89 81 84 34 65 93 75 54 17 30 5 92 76 64 14 68 14 39 45 74 95 25 82 41 99 74 56 65 62 82 22 47 31 28 69 26 70 70 33 44 27 43 
19 59 16 37 83 5 94 18 50 88 29 80 79 98 44 50 47 19 88 21 45 90 5 7 1 68 66 13 48 50 3 98 45 100 89 40 58 13 71 58 40 21 63 24 6 69 49 7 94 17 86 17 40 17 21 42 75 57 21 58 77 80 79 49 79 90 69 96 32 36 25 83 32 19 9 71 84 47 41 55 71 7 32 1 11 73 91 47 34 91 99 95 58 90 87 91 31 57 57 78 
49 46 29 71 99 60 98 98 42 2 17 4 49 100 89 2 27 86 20 49 19 19 33 96 72 74 16 39 90 60 39 98 13 24 48 44 100 51 85 68 93 60 44 54 61 26 45 77 47 31 61 17 55 51 46 18 90 96 18 40 90 74 69 33 19 98 16 14 60 13 88 60 18 86 12 8 95 52 45 26 87 84 97 59 55 54 43 92 55 3 32 82 64 90 16 8 24 94 26 55 
27 26 69 9 60 35 63 50 94 2 86 69 99 84 42 94 95 38 14 93 9 75 18 20 43 50 89 91 17 23 71 65 36 9 73 44 36 61 54 44 68 75 12 35 61 94 59 39 48 60 80 56 32 52 38 63 77 43 74 59 54 45 64 56 30 98 2 8 63 39 51 48 80 65 34 50 11 30 83 6 66 80 64 80 72 76 83 9 77 45 93 23 4 38 46 56 60 39 31 19 
61 3 75 63 63 57 44 74 64 30 85 20 41 43 62 44 76 85 99 74 38 22 23 6 37 3 93 49 19 76 96 8 61 50 56 33 51 76 22 64 96 97 55 98 10 73 70 3 35 44 11 8 93 37 10 25 19 53 24 52 76 91 59 29 24 75 47 22 8 30 76 74 78 77 7 24 95 43 79 87 18 68 86 93 8 9 13 12 76 64 24 90 90 49 81 30 30 99 74 62 
48 58 99 44 88 16 82 1 99 80 58 4 92 50 20 17 24 100 31 60 100 13 56 78 73 35 51 56 94 20 43 41 18 38 10 58 6 10 19 48 16 54 70 8 87 72 14 38 54 77 42 59 43 58 35 38 4 36 90 34 70 2 92 14 30 60 74 99 1 32 11 87 2 54 13 85 56 78 93 28 57 63 77 50 70 61 58 19 80 36 30 53 30 71 8 30 47 54 56 29 
81 2 100 15 89 96 40 20 79 8 29 65 91 77 72 70 5 62 89 39 37 43 4 25 5 33 94 19 54 8 33 89 46 24 72 88 73 85 37 97 92 83 97 56 89 96 28 99 44 98 24 84 97 66 36 11 18 26 93 100 84 36 91 85 81 44 71 30 42 76 31 6 73 29 85 32 6 38 73 58 42 29 21 29 94 87 68 43 84 26 59 54 90 99 3 45 5 68 30 61 
26 88 98 81 51 40 45 74 91 67 12 5 20 42 14 56 38 91 4 49 100 30 45 57 26 33 58 54 67 76 60 77 19 94 55 6 30 79 72 44 73 49 22 85 86 100 87 99 97 58 66 36 56 19 74 80 62 94 78 52 29 49 6 51 98 11 7 10 10 8 48 53 4 68 5 83 80 64 51 65 20 8 51 94 2 84 4 43 76 7 53 41 85 90 11 41 20 71 30 61 
98 32 10 25 49 26 67 11 3 35 81 17 7 13 3 12 62 4 76 62 37 95 78 68 44 62 7 5 9 89 32 61 7 38 93 34 74 20 9 86 75 48 27 62 89 39 73 6 97 99 84 53 5 1 40 75 32 30 30 64 21 25 53 71 49 99 62 49 3 16 86 26 79 96 67 12 79 77 7 10 6 90 16 23 16 87 3 11 54 54 72 95 93 32 87 10 80 88 66 57 
61 70 15 57 83 72 78 51 14 41 94 97 84 55 84 90 58 26 16 78 83 86 44 18 21 11 59 97 38 88 45 36 49 24 79 60 8 4 61 7 38 66 71 19 19 78 24 52 58 70 73 33 51 52 20 68 40 73 95 52 95 74 89 87 49 15 58 8 89 68 76 12 59 28 96 13 71 2 87 76 91 77 68 74 87 55 99 31 36 2 70 75 25 35 39 22 2 70 55 13 
92 12 83 71 15 2 13 67 61 5 41 34 100 17 74 37 15 70 72 79 42 58 53 42 21 54 44 63 53 84 51 15 55 21 97 77 78 46 19 20 11 66 93 99 28 26 83 52 80 86 14 61 38 41 11 86 37 12 92 49 79 85 84 23 46 61 41 87 83 30 100 53 35 44 6 70 55 24 99 97 39 62 10 75 60 37 100 20 31 100 49 84 23 49 6 6 31 19 4 97 
54 41 18 61 12 81 100 40 43 72 63 48 54 8 100 26 42 47 42 64 7 68 68 8 53 36 13 91 88 87 60 2 98 72 32 99 91 91 92 32 86 64 25 91 36 97 96 35 17 49 37 46 82 71 27 69 100 10 46 98 69 40 92 76 31 34 17 57 12 71 1 96 17 34 20 68 41 46 10 32 4 78 78 2 27 77 82 92 53 86 76 86 38 40 5 23 6 3 64 40 
68 46 17 44 90 56 5 59 13 60 18 50 54 30 38 49 27 47 43 15 81 30 39 29 47 92 42 9 63 43 49 99 36 40 93 43 47 34 4 4 31 13 8 100 96 96 77 88 95 68 10 28 72 70 75 64 72 62 38 96 97 24 12 40 100 70 34 22 9 44 55 88 57 14 93 77 98 98 59 37 95 97 88 99 72 24 26 67 18 35 51 65 65 61 52 89 68 31 60 33 
62 8 81 56 82 37 34 22 65 75 26 21 59 56 91 83 17 92 30 3 93 93 41 52 3 41 89 63 15 34 69 69 81 88 39 50 51 57 37 12 81 38 36 30 32 6 87 79 70 28 60 85 97 25 61 6 84 77 73 7 39 56 31 62 29 100 53 86 54 89 21 1 60 61 50 28 21 60 85 3 59 48 7 43 12 5 73 19 34 93 40 44 48 62 62 95 15 57 29 49 
80 51 28 80 73 27 32 29 31 53 16 40 9 5 74 28 25 68 14 54 47 19 12 51 2 9 85 16 64 30 77 41 12 28 44 100 16 63 95 24 95 4 56 75 16 77 72 94 15 68 7 99 70 77 83 27 53 10 82 86 45 45 60 7 68 68 56 26 99 11 74 12 91 82 46 72 59 75 82 83 7 80 23 96 79 61 91 44 91 42 70 11 2 36 93 92 83 18 87 86 
40 50 5 81 39 1 49 53 12 62 42 38 27 9 64 21 41 42 44 13 94 30 58 19 6 40 47 57 49 16 80 11 6 8 20 2 28 97 5 35 98 87 55 14 92 17 20 83 43 21 16 77 15 19 100 46 68 96 57 29 71 37 55 90 90 60 64 99 62 56 18 9 100 71 16 21 76 58 48 44 2 12 87 49 22 98 32 34 59 37 66 69 57 92 24 77 53 25 15 65 
98 5 55 22 91 36 53 82 62 33 27 52 13 45 4 48 86 25 40 39 47 43 17 26 6 68 55 2 15 36 19 45 13 34 19 84 98 31 14 60 7 3 65 99 99 78 80 61 45 13 10 13 80 42 99 86 28 78 18 10 60 96 30 29 56 92 11 41 32 98 80 74 10 73 37 62 9 24 32 66 25 36 22 22 16 8 2 65 90 87 94 25 91 98 91 42 50 50 44 8 
65 21 36 8 11 16 24 98 40 34 75 6 56 46 95 98 98 79 25 78 1 15 45 49 98 11 93 89 94 72 70 34 73 10 35 99 46 79 21 54 97 31 9 64 3 82 13 32 88 35 18 69 79 54 67 40 96 15 6 72 66 18 63 21 20 99 33 13 32 26 46 18 20 9 59 16 51 39 97 17 39 31 81 83 35 88 92 20 98 71 96 70 41 27 22 62 4 81 77 85 
49 5 90 37 65 22 100 87 99 97 40 46 90 2 98 68 73 61 19 26 12 80 70 43 75 57 86 80 27 59 77 3 72 13 98 70 85 91 10 99 38 55 50 16 42 4 74 98 86 83 58 96 92 30 52 34 16 31 78 56 3 86 1 90 30 47 39 73 100 17 65 67 87 84 79 16 18 46 23 9 96 55 9 77 1 23 81 99 44 26 75 63 63 25 62 86 13 56 85 20 
14 19 25 38 76 73 67 81 43 30 39 48 97 92 76 82 26 25 98 91 69 36 48 79 4 62 45 44 30 21 29 20 2 1 59 96 62 76 12 91 81 23 100 30 82 98 84 69 100 97 53 64 72 12 15 91 2 76 45 50 90 50 45 78 54 15 57 81 98 80 63 25 60 70 7 41 48 32 69 83 10 42 13 48 17 41 100 54 46 4 73 89 83 26 86 79 93 89 6 41 
51 56 67 36 43 54 59 67 49 25 10 45 33 81 12 92 16 70 22 22 89 62 63 94 37 45 8 66 10 8 17 7 80 51 86 79 51 96 91 97 41 28 25 61 32 66 32 53 71 7 66 64 94 62 77 96 2 42 38 61 96 33 97 48 80 23 65 18 59 63 39 96 4 4 82 41 99 39 33 91 21 45 68 50 73 24 84 5 100 96 57 97 86 54 75 61 37 45 20 39 
67 71 51 59 73 11 99 89 19 89 71 49 52 38 59 61 29 84 93 52 58 2 56 50 90 36 43 45 15 25 2 83 47 50 42 1 57 61 10 97 33 19 18 92 63 43 18 76 3 73 12 67 78 67 37 3 97 17 99 47 70 96 72 43 11 71 53 32 23 20 46 27 32 77 17 39 46 46 81 67 52 10 51 14 57 96 36 30 93 13 73 72 89 1 69 59 15 22 30 54 
87 6 97 33 44 69 18 8 1 69 50 3 27 33 5 61 15 9 1 48 14 3 44 91 40 64 2 13 85 18 2 2 70 96 3 11 65 72 12 69 15 16 15 12 56 26 29 66 95 65 82 67 12 42 55 58 13 79 6 80 96 96 41 100 66 52 87 98 74 23 18 13 84 13 49 99 85 22 79 68 40 86 87 71 69 64 47 37 27 89 92 37 81 91 78 4 81 30 21 50 
63 53 49 67 9 76 59 50 100 38 56 2 64 64 25 17 94 59 23 40 51 66 57 15 42 18 40 78 62 47 43 87 24 89 73 91 20 1 8 38 27 45 61 84 75 25 9 31 72 60 54 88 72 33 29 55 85 90 92 63 11 66 87 5 64 44 25 41 30 99 65 39 37 100 84 34 85 19 80 18 97 77 5 21 39 100 54 49 44 10 66 28 92 50 21 54 73 85 6 35 
71 37 87 5 63 24 86 43 6 47 98 75 18 33 58 17 40 54 89 60 77 1 92 85 28 48 93 100 83 18 12 74 4 55 27 50 1 88 26 77 97 72 89 30 17 94 28 7 93 95 62 74 22 77 8 88 49 67 44 28 60 97 98 41 55 66 8 72 44 67 11 59 52 26 79 48 1 60 35 4 91 79 84 68 1 1 94 52 16 76 37 2 22 46 54 40 17 14 79 64 
37 47 3 14 58 7 16 68 30 90 62 39 41 33 49 58 42 94 73 78 58 71 46 7 43 62 32 24 94 60 57 10 93 92 40 71 72 47 23 88 50 85 19 31 41 48 4 30 73 85 4 61 17 75 7 86 67 74 28 70 48 93 32 93 12 78 92 67 5 25 59 74 16 72 34 98 98 23 1 18 72 58 79 55 85 32 99 87 10 59 6 40 33 51 72 54 71 14 7 74 
55 48 25 88 76 29 81 24 99 39 36 51 43 85 12 62 61 36 70 42 11 35 51 22 9 94 6 18 69 99 84 80 8 18 31 97 12 81 3 57 44 16 30 68 35 28 49 25 61 61 79 11 36 81 82 75 79 5 64 48 11 21 5 67 22 82 10 69 38 22 33 37 58 88 6 97 67 54 72 90 46 40 39 48 65 3 23 79 14 8 4 14 83 61 57 92 32 36 45 30 
54 58 30 48 70 23 94 94 21 4 47 99 87 95 61 7 19 87 42 79 45 3 56 43 10 67 81 66 89 4 69 33 63 54 41 12 65 56 48 6 73 38 68 19 20 14 22 12 19 71 52 50 47 60 7 39 92 64 20 23 19 4 79 34 19 21 93 24 87 40 9 90 87 42 31 77 85 3 33 99 45 47 28 7 85 74 99 52 67 44 7 82 73 45 1 91 71 68 86 72 
76 15 70 23 31 22 97 79 77 69 79 19 57 67 92 71 100 91 3 82 15 77 46 70 21 18 75 72 89 63 64 19 34 49 6 16 62 65 79 62 63 59 36 24 46 28 40 48 14 13 35 56 43 100 24 74 20 19 51 11 28 65 17 71 70 38 82 19 50 12 66 25 26 41 97 51 10 94 94 17 89 48 37 21 24 21 5 51 99 47 6 90 5 57 71 30 10 1 30 87 
60 46 2 17 62 28 20 46 50 13 99 63 33 2 17 81 6 42 81 13 88 38 29 25 22 59 20 33 93 87 72 5 17 3 50 19 65 16 69 85 9 11 65 4 90 17 77 33 42 80 90 46 67 55 70 11 8 18 90 95 63 42 15 40 56 26 76 67 57 19 41 60 25 78 51 60 99 87 14 83 45 5 89 83 18 67 65 58 84 75 60 81 79 99 52 100 52 27 46 25 
15 62 9 41 17 20 89 64 1 4 60 63 82 59 80 25 18 69 40 92 44 77 39 44 4 87 19 84 91 84 48 47 70 63 4 61 52 30 47 49 31 14 90 61 77 65 70 27 49 74 85 1 92 24 54 72 2 98 100 72 81 75 31 7 48 17 73 12 87 68 8 41 37 83 38 66 42 93 32 1 5 8 16 32 79 43 23 34 50 36 59 55 83 60 81 13 45 58 20 97 
69 43 55 32 33 12 65 95 15 17 31 37 68 31 27 65 66 7 66 81 81 14 22 28 49 68 78 33 97 18 25 94 25 12 88 62 30 78 47 74 11 41 83 37 71 1 81 46 87 80 25 35 16 92 29 61 57 80 82 21 78 5 84 25 63 32 79 71 23 93 45 94 16 52 65 6 41 21 2 87 17 35 11 96 86 33 72 88 39 84 97 18 45 86 77 39 84 80 50 5 
35 64 40 42 71 76 77 4 18 42 4 45 66 42 86 63 42 26 68 20 18 54 41 50 34 88 96 81 98 10 91 51 88 68 60 35 38 40 58 35 37 40 68 53 92 28 87 94 27 28 54 100 62 94 29 2 96 48 30 100 38 18 2 91 37 42 98 14 72 8 46 20 6 76 30 46 15 1 9 98 51 6 1 79 68 53 1 78 17 57 17 4 94 18 7 52 52 59 1 1 
96 48 75 32 82 66 93 57 71 82 29 68 23 24 7 63 65 76 64 57 74 9 81 56 40 34 3 98 26 9 40 9 39 61 92 72 62 68 1 87 65 80 32 73 49 37 41 63 4 61 12 4 15 78 19 87 2 83 44 21 94 56 26 2 18 2 82 99 17 75 91 90 69 62 18 41 72 93 1 4 88 97 94 16 92 52 29 23 64 45 65 3 7 31 66 89 71 8 49 2 
78 49 61 48 61 10 83 63 76 52 1 29 47 59 20 12 57 50 19 89 65 30 51 76 26 18 74 95 38 3 49 3 39 52 76 25 39 27 3 12 72 80 61 59 59 95 65 79 65 76 97 99 14 57 35 76 9 73 88 66 40 14 9 69 36 47 48 4 56 100 50 20 42 68 83 90 54 88 100 54 97 14 92 65 90 60 59 74 62 31 98 44 41 22 56 40 49 40 78 1 
89 69 40 53 3 69 7 71 33 91 8 20 15 8 85 17 66 90 42 19 48 96 8 11 42 43 6 69 40 24 73 51 10 10 2 95 78 8 98 67 17 21 26 11 36 75 61 91 57 79 5 98 15 80 39 43 11 58 51 19 85 87 19 77 74 35 13 21 94 18 51 56 79 24 66 83 51 75 78 18 87 73 93 79 6 88 6 52 19 53 58 33 75 90 18 16 31 52 66 33 
49 30 9 92 36 36 86 6 33 71 61 70 59 6 95 84 29 61 51 22 74 35 38 81 73 6 21 15 63 40 26 48 60 12 92 17 86 18 100 3 14 20 88 94 72 67 62 48 54 13 54 78 69 57 23 94 89 29 5 73 47 17 68 66 52 6 55 46 15 54 14 49 71 2 60 100 68 21 51 72 97 65 18 94 74 79 60 76 20 25 33 98 32 39 64 52 63 36 73 8 
54 70 67 46 12 10 48 97 19 93 11 35 76 88 74 75 75 90 84 84 61 91 93 62 57 32 90 15 90 31 1 88 86 69 46 57 86 13 92 25 67 43 13 32 97 40 41 45 82 89 77 70 54 78 12 30 44 66 47 74 66 91 91 55 23 74 95 33 97 32 64 40 85 68 91 62 46 47 63 74 22 97 97 48 93 68 95 54 3 28 86 80 3 71 36 46 47 39 12 2 
7 68 15 56 82 60 14 36 59 18 50 20 42 45 25 44 52 91 71 78 33 42 41 99 75 34 99 9 48 4 7 85 6 33 19 16 86 17 86 52 41 6 53 88 47 37 59 55 22 18 28 69 97 73 66 72 6 12 88 68 97 100 7 6 33 56 89 55 34 33 42 54 26 99 43 80 51 81 56 44 34 14 69 75 71 19 55 98 42 29 39 19 75 74 65 54 37 41 9 15 
33 21 92 29 58 60 65 40 64 12 50 82 21 58 28 58 28 53 35 37 23 13 75 18 5 85 13 48 55 21 84 45 59 1 67 94 75 92 15 93 59 59 25 76 17 71 89 77 31 100 94 51 9 38 28 73 55 37 82 26 6 39 11 34 81 76 60 10 60 89 38 42 10 87 21 83 21 2 52 69 11 36 86 82 28 77 92 14 71 69 57 27 36 42 66 56 6 22 86 48 
98 7 71 23 96 87 71 76 6 47 60 5 34 50 58 89 84 50 21 88 4 53 1 86 71 73 67 77 60 94 41 72 44 39 85 81 9 24 28 86 84 24 57 3 19 88 32 62 42 7 58 21 21 86 27 13 76 89 18 61 11 38 4 94 52 43 37 76 11 56 59 100 48 7 24 22 8 32 79 55 4 41 59 55 60 94 50 74 10 96 55 60 90 91 16 3 30 25 29 91 
83 3 95 55 24 84 86 8 84 26 69 88 20 100 76 37 79 55 57 25 14 59 86 45 59 39 43 66 20 66 23 29 62 2 69 99 82 6 59 99 17 36 27 72 61 76 17 11 53 77 92 44 70 46 5 25 53 28 17 69 78 33 23 2 76 26 44 50 41 55 17 34 2 97 94 38 47 8 68 44 63 82 95 100 57 98 75 15 30 21 32 93 25 29 16 46 23 63 18 39 
38 72 37 67 96 24 33 67 23 35 35 2 29 96 64 10 99 77 92 99 34 26 36 74 11 59 59 1 8 92 17 55 32 27 5 25 74 6 75 19 73 51 6 23 60 62 90 34 55 8 48 24 36 73 84 92 94 33 7 61 70 46 14 46 55 40 15 12 24 26 39 38 54 52 52 38 77 62 35 93 77 17 98 28 25 36 74 7 6 1 43 94 67 15 29 20 10 3 23 51 
67 76 46 56 60 68 47 90 50 76 21 39 48 84 21 75 48 29 74 8 2 68 34 32 62 4 22 88 56 21 3 75 44 52 4 46 77 4 30 74 44 57 64 45 12 92 31 91 17 20 63 27 47 97 85 93 44 88 15 4 52 22 26 51 26 36 17 34 45 20 31 3 17 29 36 91 39 40 76 23 28 26 40 15 87 83 73 50 33 27 54 1 93 9 12 89 72 96 18 46 
36 55 63 69 19 26 55 27 66 48 13 40 10 30 24 37 41 62 96 11 8 29 73 95 34 40 24 37 19 46 26 43 54 28 41 23 5 35 10 50 83 60 71 3 50 87 48 35 95 51 48 67 80 73 88 69 70 36 66 24 39 48 44 37 4 12 48 12 46 82 20 2 95 27 79 23 99 89 29 11 17 18 66 86 83 37 39 97 76 67 3 63 17 88 76 78 3 2 78 34 
26 73 46 54 47 92 41 89 98 18 35 85 31 38 90 21 34 10 43 10 92 83 18 75 76 22 61 7 4 21 51 12 45 35 94 69 67 91 36 73 13 42 20 65 81 20 97 63 97 54 89 3 16 18 45 28 79 19 87 82 44 85 26 49 83 1 93 86 10 72 89 3 26 26 85 6 45 97 10 9 77 70 11 94 93 99 52 31 63 86 62 53 85 93 81 57 52 19 82 57 
29 21 76 61 48 30 100 1 53 99 27 77 61 67 85 21 43 72 97 65 93 75 61 46 76 67 84 40 98 96 73 86 28 71 50 85 97 18 60 12 73 30 53 40 26 44 15 20 67 95 94 46 62 59 87 33 22 44 55 94 88 12 92 82 90 11 21 22 26 27 42 21 88 25 82 74 76 77 25 55 34 90 70 72 72 88 36 79 29 51 69 7 4 57 3 82 90 41 100 13 
79 35 1 56 68 83 19 76 25 100 89 86 85 20 19 6 80 19 26 68 86 71 87 78 73 88 98 2 27 56 32 77 14 81 13 64 3 26 92 61 65 14 80 2 7 53 77 95 10 77 13 90 86 34 81 19 15 26 80 9 42 80 43 56 90 33 9 5 10 78 3 5 11 70 74 38 9 64 78 94 85 92 7 33 44 50 33 5 55 80 61 51 8 18 49 100 47 7 14 85 
87 19 67 25 26 14 74 31 40 56 57 32 48 98 9 95 100 15 22 78 58 12 63 88 32 8 16 79 6 15 93 97 93 55 85 85 41 52 7 24 12 14 97 14 61 53 97 58 8 2 71 69 70 66 56 65 54 93 23 39 56 99 77 56 86 43 5 3 2 66 16 89 48 95 33 52 87 39 19 5 4 57 89 55 38 47 12 62 38 40 51 21 53 66 81 66 99 71 13 3 
55 26 15 34 41 51 21 17 61 95 74 19 80 71 20 54 68 99 35 62 55 87 22 94 74 36 67 88 1 7 27 68 49 9 51 99 2 44 37 17 26 30 25 18 76 70 99 78 82 40 74 36 47 64 80 87 92 34 15 83 76 14 96 64 94 19 13 6 3 15 92 77 1 47 68 45 27 50 85 35 5 61 42 80 77 13 43 98 32 19 86 12 2 59 21 72 57 27 89 42 
63 39 97 55 73 31 79 1 18 17 47 63 87 72 41 46 49 72 45 38 77 33 66 53 4 33 44 88 47 87 73 13 1 18 68 62 53 68 28 63 33 3 100 59 40 72 72 9 49 31 19 28 80 32 78 1 84 91 16 65 78 42 48 31 39 26 41 39 47 91 96 70 49 86 82 64 7 46 16 20 9 19 78 8 73 77 8 78 65 65 53 57 14 49 61 90 6 35 22 33 
67 81 92 47 50 23 88 63 10 38 57 53 68 4 2 47 83 95 37 79 47 50 75 57 30 64 28 47 99 71 68 50 61 16 57 80 29 88 54 2 38 48 34 35 80 36 68 97 94 6 4 100 25 53 19 85 9 79 50 27 31 83 67 30 92 39 100 77 3 24 20 95 3 48 63 76 6 29 5 99 95 97 52 71 67 89 31 48 24 30 92 80 61 7 70 85 79 36 41 3 
33 34 63 79 38 31 18 32 20 30 5 37 46 25 82 29 69 2 47 11 44 67 61 16 59 43 80 72 61 4 32 43 50 11 6 93 59 66 56 92 77 5 52 88 95 12 59 92 27 32 42 63 31 19 32 9 75 23 58 5 57 71 52 59 7 8 52 8 84 49 8 30 52 83 13 75 82 14 3 18 26 52 90 23 92 63 26 26 35 19 44 16 26 65 12 95 56 72 40 100 
97 2 21 63 6 52 82 99 48 53 75 47 97 3 78 25 10 80 57 9 29 68 37 51 99 6 99 63 23 23 21 40 53 27 96 75 38 70 54 54 72 12 54 50 48 93 99 47 78 86 48 75 25 38 66 88 36 85 19 94 11 45 35 19 34 93 9 55 21 49 42 64 18 27 37 2 76 52 27 50 32 83 28 17 69 46 98 87 90 90 80 80 28 32 54 81 36 91 67 87 
17 99 22 15 9 26 53 44 51 47 65 32 15 63 79 26 91 89 19 15 94 54 52 3 67 98 30 28 49 23 19 34 34 46 13 73 45 36 87 93 31 87 61 12 98 9 24 75 42 55 95 65 51 91 7 59 24 89 10 1 14 32 47 46 72 35 98 25 83 7 44 79 45 38 88 65 97 54 20 17 27 4 81 91 75 17 82 86 85 58 9 37 58 55 80 50 7 62 64 33 
90 94 22 83 65 15 66 12 70 26 52 49 42 49 21 65 34 21 82 39 15 98 86 10 62 65 32 87 48 48 16 84 92 75 11 4 66 34 76 100 69 34 48 62 74 41 99 39 4 59 84 79 39 77 30 72 14 65 99 73 90 66 5 87 1 92 47 87 60 51 88 33 18 9 8 24 30 49 29 83 46 67 50 54 97 81 38 83 37 52 60 86 21 23 66 69 70 37 69 53 
73 95 95 78 18 93 69 58 14 34 25 26 37 2 13 24 67 94 55 86 18 70 83 97 99 69 75 94 73 2 37 22 27 7 85 34 6 7 58 9 72 89 10 47 31 45 89 69 4 75 63 19 22 55 44 77 48 40 26 29 70 67 42 15 23 96 97 83 23 36 74 5 12 10 38 69 6 5 48 2 82 84 10 23 78 83 83 39 97 69 96 91 92 54 32 17 20 71 54 96 
76 9 13 24 20 56 78 80 5 88 82 37 67 18 50 70 1 55 14 91 30 96 1 78 12 39 69 54 61 99 45 40 16 42 31 46 68 40 85 10 41 40 39 24 19 51 39 25 13 83 41 51 53 94 53 74 49 78 17 7 38 55 43 69 15 60 34 10 85 74 92 55 23 89 70 24 59 36 61 68 12 33 2 58 30 99 47 15 62 86 91 49 79 46 46 61 39 6 96 92 
45 18 33 47 72 85 30 43 90 29 13 66 83 86 66 19 91 30 78 97 15 37 87 53 33 85 87 25 90 75 32 10 67 22 89 18 91 33 86 49 98 65 43 47 51 25 1 36 80 34 89 76 46 56 59 76 85 39 96 20 53 21 12 86 8 30 27 75 91 22 95 76 60 77 55 30 26 78 23 73 41 78 8 59 92 39 19 90 76 57 68 46 48 96 96 17 67 42 36 52 
58 85 48 45 46 18 6 82 36 26 70 64 61 54 39 57 99 6 44 37 24 34 52 73 98 79 64 24 96 85 90 77 86 21 82 17 38 44 35 49 62 18 11 11 27 18 64 61 33 11 54 95 94 80 30 39 61 77 9 59 28 14 8 32 75 10 99 95 61 55 90 40 40 85 63 86 25 13 71 96 6 42 41 10 41 94 20 33 53 29 72 82 89 80 34 91 68 91 71 49 
85 66 31 33 83 83 80 47 97 90 6 93 36 46 35 89 70 35 83 5 40 43 9 31 40 72 61 47 80 1 32 35 57 20 83 43 44 86 93 19 8 98 98 88 90 61 34 1 11 20 48 59 28 35 59 95 65 24 63 50 57 68 44 67 90 89 46 11 93 38 51 68 78 43 42 68 54 67 63 26 32 77 45 10 71 54 3 44 23 71 73 52 13 97 74 71 62 42 73 45 
80 21 77 38 71 30 54 79 11 12 67 3 63 15 29 65 72 3 73 95 36 100 98 23 96 28 94 74 26 70 100 9 36 84 7 60 33 76 66 19 50 1 78 61 10 87 29 24 15 25 39 48 14 91 16 64 17 27 18 58 66 57 80 82 11 98 20 38 35 24 80 37 96 57 24 7 95 33 2 75 43 95 1 51 12 41 88 36 24 1 11 41 70 13 17 40 25 9 16 36 
46 61 5 60 13 55 73 55 12 84 21 5 93 31 28 76 97 3 95 52 63 97 87 21 40 100 17 99 9 43 73 8 28 3 7 81 85 64 83 77 1 98 88 47 47 98 93 87 74 34 59 2 92 47 63 97 37 3 64 41 88 49 5 20 22 14 8 4 10 62 6 94 96 34 49 5 21 56 40 44 56 86 11 11 49 35 47 16 73 80 58 12 40 75 34 57 51 36 62 4 
53 11 69 51 6 11 15 58 52 9 9 64 27 86 29 3 76 24 98 100 70 12 89 100 14 93 78 89 91 18 2 75 41 77 73 57 17 35 81 14 4 23 84 19 60 14 52 35 7 93 91 33 77 22 2 10 44 12 5 55 90 76 97 21 82 82 56 64 77 57 63 40 4 66 83 61 64 15 37 28 20 33 88 26 39 24 82 40 97 26 13 2 93 35 66 11 8 39 76 73 
71 23 83 91 14 32 28 4 77 18 23 37 4 31 44 67 41 74 52 11 9 33 44 29 78 43 87 31 52 3 31 50 94 53 82 22 8 94 59 86 60 23 42 71 22 33 5 73 24 90 32 53 100 95 31 80 84 1 17 33 92 34 76 96 31 66 32 21 60 88 94 24 66 73 88 95 33 8 82 85 31 19 65 99 82 15 55 68 54 57 62 86 43 33 87 62 29 60 46 65 
47 57 12 92 1 16 7 65 65 33 8 80 95 59 80 76 72 68 13 5 92 65 42 10 59 36 84 86 31 40 28 62 72 51 72 100 56 11 42 94 24 43 78 43 37 82 34 11 75 84 19 18 61 72 47 43 74 3 81 92 96 54 19 71 89 49 34 61 70 59 19 89 65 51 6 82 57 47 3 55 95 15 95 33 76 97 33 34 96 17 85 90 46 90 97 94 28 85 75 18 
68 24 60 21 65 11 26 10 22 48 20 63 97 84 69 32 60 65 7 40 32 93 33 61 68 11 79 94 52 52 43 97 79 50 74 76 73 14 16 12 84 59 100 7 25 48 85 90 58 62 2 79 89 53 33 50 45 38 83 62 26 8 21 29 78 8 85 23 30 4 6 66 14 69 34 75 28 16 51 5 98 71 85 28 56 18 56 28 43 86 35 75 17 64 76 19 51 3 46 52 
80 26 26 93 43 19 49 13 43 85 32 82 68 65 2 4 35 89 36 19 88 52 54 55 7 25 90 67 32 81 23 65 13 38 59 53 17 30 74 68 57 19 48 27 99 31 44 89 96 62 20 91 71 59 42 32 75 72 15 21 11 22 72 30 65 13 91 53 71 9 42 8 15 66 47 46 16 81 5 54 21 40 39 55 65 96 34 22 70 25 19 77 46 79 1 17 10 69 28 6 
99 99 79 52 23 87 39 18 13 60 22 55 48 49 50 42 78 58 87 27 93 3 59 15 21 56 75 9 39 61 76 21 44 13 5 80 66 14 8 13 16 77 91 56 5 48 28 6 79 97 93 49 4 39 1 21 19 87 98 77 32 58 13 22 45 9 31 84 42 85 56 96 84 28 27 69 34 22 5 73 43 71 53 92 71 88 28 77 18 70 28 56 75 31 9 57 40 78 75 18 
68 37 9 45 84 93 53 26 87 41 17 74 74 50 69 51 15 34 63 11 75 87 16 30 54 39 5 55 61 34 38 48 54 4 96 63 46 80 82 77 52 3 60 23 52 94 83 90 50 64 87 10 71 2 57 43 20 46 2 85 50 97 95 79 87 21 19 17 46 48 23 80 85 35 90 2 49 6 59 4 79 25 45 95 96 57 93 21 37 22 14 74 94 22 92 3 81 71 79 34 
1 50 44 83 3 41 62 30 76 52 72 88 51 84 23 76 45 73 20 47 19 91 28 12 17 75 22 3 64 19 53 45 15 50 4 24 85 96 14 36 6 52 31 50 2 26 52 58 69 9 3 26 87 77 13 63 44 96 1 86 17 53 57 2 77 14 64 44 3 38 17 58 71 31 20 91 40 17 10 4 91 52 7 6 14 82 33 32 61 42 8 21 93 100 71 65 24 35 93 18 
94 26 75 4 80 90 29 3 88 77 5 8 28 22 93 7 88 12 80 22 65 11 73 17 17 16 44 93 85 12 96 8 12 68 96 96 61 73 22 54 87 14 37 12 58 26 21 3 64 12 65 94 55 29 33 28 75 89 6 40 1 17 12 2 11 55 23 56 63 10 100 63 18 1 98 78 4 3 81 18 77 44 23 74 20 76 4 15 18 10 19 38 7 59 73 11 98 39 28 50 
44 9 27 18 33 80 74 16 87 6 52 99 87 29 65 82 70 23 9 32 73 71 96 46 75 78 42 89 36 5 6 22 95 28 91 98 82 81 70 97 67 72 75 48 93 53 46 25 13 49 12 83 51 63 15 55 9 50 35 34 73 21 24 10 11 76 83 18 10 53 100 57 94 37 24 73 86 61 58 76 99 61 27 100 56 2 41 73 46 81 1 75 17 75 71 23 97 51 2 38 
66 92 89 4 47 61 1 84 2 10 88 57 55 54 65 25 86 85 7 72 22 22 13 38 66 74 95 100 67 50 51 8 11 58 71 40 35 52 78 76 81 62 91 86 40 97 50 76 10 39 96 61 86 34 41 54 67 85 73 56 43 54 74 83 92 8 20 33 38 95 65 57 30 36 78 45 65 74 50 95 69 35 75 21 40 33 28 66 47 79 67 45 70 50 84 95 93 87 92 41 
23 37 29 5 29 91 73 94 95 40 76 45 41 77 31 1 23 32 32 20 51 13 6 94 3 41 55 78 30 86 56 27 95 75 25 3 63 86 28 67 21 20 90 65 29 78 66 66 7 46 58 85 18 57 2 53 70 65 25 60 54 71 30 89 25 57 35 57 21 63 12 25 11 27 45 69 2 41 27 57 43 66 27 86 21 44 1 59 4 75 15 32 20 53 48 13 16 3 85 68 
19 45 62 98 51 21 98 58 87 90 26 53 89 72 50 14 41 9 26 71 75 34 51 79 69 14 73 41 41 76 32 40 72 29 76 85 43 48 76 88 73 57 16 97 88 28 65 75 76 98 83 9 21 82 50 28 63 42 12 11 74 54 24 72 72 19 59 20 19 43 81 89 11 36 9 87 3 22 40 38 70 91 64 89 14 65 10 95 50 83 32 55 28 67 42 1 11 31 100 41 
74 58 4 84 79 41 43 23 90 30 86 33 68 43 91 18 37 63 85 100 11 84 15 92 34 5 33 11 97 46 96 89 82 64 9 89 53 45 52 35 82 42 19 1 53 44 72 35 96 47 75 51 72 72 92 95 29 43 10 66 94 59 94 63 41 71 36 52 99 50 41 21 55 38 81 32 43 97 1 95 77 66 30 67 13 3 80 73 53 82 90 45 2 35 45 66 88 10 61 48 
30 52 50 80 62 88 93 71 28 37 42 59 8 1 22 78 94 34 85 94 88 52 53 98 49 97 79 66 64 95 81 93 75 97 15 67 1 72 65 98 24 17 58 73 97 85 80 84 82 90 52 37 83 15 68 90 50 37 37 55 87 89 54 90 73 25 93 48 82 28 57 96 74 93 53 76 59 51 36 16 11 85 20 81 7 22 89 79 57 63 34 98 47 30 49 69 40 39 4 79 
52 65 39 29 79 52 79 19 46 22 18 60 68 46 73 54 2 92 26 52 3 92 31 5 84 82 13 75 99 10 88 39 41 16 43 60 76 30 40 6 48 62 93 63 21 80 84 27 59 77 69 85 91 68 15 29 90 78 48 13 57 16 37 92 5 62 100 67 22 35 40 11 68 56 27 14 36 30 98 37 12 13 3 24 94 25 70 42 78 16 63 92 54 3 56 12 72 86 31 1 
86 67 69 44 92 84 54 26 32 94 100 50 47 35 77 20 11 93 53 78 41 12 71 60 88 79 43 66 16 93 32 27 40 41 11 60 64 44 78 98 9 69 42 27 24 85 66 62 45 85 82 92 92 78 41 92 6 8 15 66 59 94 36 8 82 26 90 39 72 13 44 5 7 2 85 88 26 78 45 22 6 58 82 6 33 57 48 90 12 20 6 24 78 67 17 99 77 67 94 49 
68 47 89 74 80 19 90 89 3 82 77 45 89 48 63 5 64 73 81 20 60 65 91 27 68 15 35 71 3 55 83 39 96 42 18 83 75 28 4 40 23 59 30 19 33 53 11 25 95 49 67 65 93 76 50 79 26 65 58 59 35 58 16 56 14 23 89 3 91 69 27 80 36 86 21 12 43 43 76 41 97 90 91 19 100 47 3 67 19 28 30 98 96 56 51 35 31 50 13 84 
79 98 75 3 93 78 35 13 56 89 27 42 79 97 71 79 53 98 32 25 98 8 90 10 45 68 39 41 63 40 56 68 78 29 9 30 68 36 54 23 95 49 71 35 11 43 96 100 22 3 27 38 64 77 40 30 21 28 86 91 75 80 44 77 34 65 66 30 66 96 58 3 71 96 86 87 87 73 24 16 61 93 81 2 71 39 73 47 62 27 81 67 42 50 6 73 94 19 34 22 
32 10 45 42 58 92 81 84 70 68 27 8 39 4 44 83 57 61 17 33 56 88 2 71 55 28 30 3 75 72 99 1 23 43 56 33 54 77 66 24 3 80 54 96 50 11 36 19 81 97 78 49 18 77 45 29 4 7 60 20 14 55 14 86 66 39 33 10 9 70 82 34 71 3 99 87 75 20 91 44 27 36 65 71 42 42 43 91 70 46 39 93 74 40 37 44 8 57 11 89 
58 100 73 70 48 9 41 48 87 77 59 17 27 67 29 10 56 74 12 19 25 17 78 60 50 30 21 89 30 30 14 7 7 66 76 31 50 95 16 16 52 5 87 80 51 52 84 45 80 53 15 25 25 77 73 25 8 51 83 37 82 39 70 79 87 32 11 38 75 84 91 85 9 71 97 56 83 50 25 9 6 8 65 86 93 15 13 34 63 25 31 39 46 39 87 99 24 79 18 37 
71 11 61 95 6 81 60 60 95 6 16 84 74 26 19 68 56 28 3 15 45 47 57 80 30 42 81 95 21 52 33 69 73 39 54 94 39 21 55 6 97 60 7 86 32 62 53 85 1 79 36 45 96 97 19 91 31 40 24 63 66 29 55 70 44 42 63 15 40 31 11 90 84 84 28 19 29 50 2 49 92 97 33 14 90 88 41 56 47 59 84 11 58 26 29 32 38 17 20 83 
58 83 83 23 86 6 43 41 51 22 21 58 8 8 5 85 90 49 60 35 53 57 68 41 41 70 7 85 93 75 19 47 51 9 20 82 31 50 66 25 50 19 81 45 77 100 53 8 8 68 47 67 80 44 49 9 7 76 34 86 68 63 37 97 100 89 57 95 89 44 17 93 14 99 38 44 82 92 14 48 49 23 16 85 94 24 41 35 68 89 32 96 28 73 59 41 32 55 6 50 
7 99 28 90 74 100 14 44 78 91 20 95 87 41 45 42 61 80 97 25 44 42 57 31 97 5 49 33 41 99 78 51 3 69 62 73 34 69 22 59 31 93 19 18 65 12 10 72 14 65 68 57 14 17 32 60 86 59 31 58 10 65 4 56 55 56 97 74 57 92 35 31 60 12 66 51 15 85 13 47 45 16 69 59 27 50 66 16 58 98 98 2 61 99 13 27 60 59 40 76 
50 71 38 63 71 37 23 32 92 14 24 48 35 31 73 63 75 10 4 32 82 71 58 40 43 80 21 68 51 21 1 69 83 4 70 69 62 51 61 40 95 48 61 30 77 89 7 23 67 51 84 64 92 39 96 55 17 68 25 57 85 86 89 5 38 44 17 4 11 34 46 53 100 23 12 1 18 95 9 14 89 89 61 59 82 84 24 18 29 22 3 31 74 26 55 30 19 22 88 1 
87 51 99 13 17 36 30 4 92 75 91 23 16 83 54 51 65 55 8 91 64 51 50 3 27 97 28 4 97 61 98 88 14 50 66 64 68 51 89 32 90 44 28 71 69 80 23 93 24 35 39 15 10 37 42 48 82 24 72 58 12 65 70 36 55 39 45 25 95 46 93 24 89 39 8 37 12 55 85 37 99 77 29 47 66 30 36 72 77 25 50 38 66 38 85 27 77 88 97 74 
24 77 94 86 60 14 57 19 24 58 38 70 19 71 92 6 94 24 81 89 38 43 74 76 83 25 88 9 29 63 71 81 87 82 5 85 86 20 62 55 39 33 22 84 78 75 80 69 7 54 64 63 51 81 12 48 11 41 26 42 45 83 22 58 5 44 36 47 66 30 90 78 60 13 8 12 99 62 21 31 55 88 69 6 49 59 92 79 22 91 48 96 98 47 5 73 17 73 70 18 
7 89 19 77 99 1 41 93 32 22 98 67 73 54 60 55 88 93 72 80 100 38 19 92 44 46 54 93 1 25 47 7 98 65 80 9 8 23 64 41 43 17 27 85 74 54 81 61 61 25 80 92 76 94 26 61 38 69 28 71 15 48 12 33 22 49 41 21 10 73 44 32 42 2 65 91 96 28 26 65 87 19 94 72 25 69 31 97 99 49 69 49 78 4 58 97 62 11 59 38 
30 26 92 36 57 33 32 23 98 3 73 27 37 33 37 31 93 41 89 82 100 80 72 29 15 69 23 47 5 49 16 13 28 70 50 62 62 26 37 95 33 67 28 23 73 54 15 10 7 44 52 14 36 51 37 36 15 13 96 16 67 25 86 9 66 51 24 4 89 65 36 49 63 33 24 34 81 77 58 22 17 14 1 72 13 32 71 41 80 61 61 27 12 78 77 94 16 15 73 67 
34 87 3 3 87 44 32 12 84 66 10 88 55 5 28 52 26 97 22 66 9 52 96 76 95 47 57 55 42 19 72 23 99 45 68 63 8 82 46 90 15 79 54 75 47 82 23 39 57 18 79 86 95 16 11 35 70 69 16 57 48 54 51 33 7 28 56 66 89 72 81 76 73 55 62 28 68 33 83 53 56 97 25 64 4 85 53 57 23 56 3 99 82 18 54 29 90 94 47 67 
