44 66 52 59 18 89 41 82 80 45 37 87 77 65 100 70 98 50 54 15 44 85 87 55 2 80 77 60 84 48 61 23 3 35 68 62 6 75 17 76 25 80 94 6 34 3 94 59 91 56 9 3 54 93 94 12 74 9 85 22 36 47 4 85 16 55 12 42 83 2 67 97 33 98 82 55 21 2 85 31 98 62 4 43 22 97 98 78 19 5 100 22 66 76 98 1 2 17 100 97 
24 12 30 34 86 15 70 88 12 13 38 53 31 63 71 71 50 16 29 31 92 61 95 68 68 44 93 100 39 65 68 23 64 95 81 83 69 64 39 37 54 7 81 56 100 4 16 13 30 60 47 79 1 92 6 76 59 52 99 80 29 74 9 42 51 83 88 40 58 85 2 80 5 78 11 50 100 80 67 73 3 44 2 73 95 40 41 79 29 55 44 88 96 97 75 24 53 44 37 75 
93 26 46 100 62 96 19 43 92 1 20 58 4 23 97 30 32 84 3 42 62 49 23 24 61 76 56 49 77 96 44 51 81 35 15 31 47 30 9 95 100 94 57 19 96 35 10 100 12 42 69 61 28 35 66 83 18 67 100 3 89 34 4 65 91 8 60 50 12 64 51 52 10 31 12 70 41 7 67 53 46 40 9 36 48 98 48 55 10 19 7 2 74 87 64 61 45 49 28 75 
6 41 72 77 95 72 53 74 50 77 51 68 28 18 24 26 80 83 21 66 65 50 63 96 47 26 25 46 49 45 1 28 67 41 39 56 10 15 61 62 7 14 11 74 71 97 39 76 71 48 38 11 85 78 23 16 67 2 89 26 71 45 18 90 91 93 47 64 100 14 50 73 46 16 32 40 59 30 98 12 90 76 3 85 33 8 80 58 42 95 87 6 51 75 10 93 17 36 44 23 
56 49 61 29 85 23 84 11 60 61 52 96 21 85 82 78 59 24 30 53 97 67 91 91 20 41 74 58 8 31 33 13 1 52 20 65 42 18 47 67 9 59 99 63 5 93 73 96 16 79 54 40 79 17 5 61 17 46 53 77 81 17 43 59 52 44 13 93 49 39 4 54 26 68 30 86 65 98 97 33 76 67 35 100 34 62 45 66 43 85 8 16 26 84 41 55 37 21 2 68 
79 6 90 12 17 6 53 48 17 1 84 95 38 32 5 92 84 57 75 64 4 92 94 47 58 1 53 27 87 65 43 94 2 45 41 45 84 15 82 58 94 79 26 59 86 8 21 79 48 94 82 65 86 21 30 17 54 78 36 94 23 21 5 29 71 42 43 63 66 47 33 86 3 62 6 61 1 28 100 78 28 12 4 70 100 11 70 80 75 4 47 24 3 70 6 85 52 2 76 59 
63 54 74 42 73 66 8 34 74 13 73 78 50 100 48 42 71 8 83 68 41 71 70 88 60 90 45 66 1 5 8 43 57 48 5 1 89 51 68 49 99 68 28 7 47 14 92 9 72 52 35 84 66 35 87 45 93 42 62 33 51 36 6 13 66 36 48 45 91 73 73 60 30 20 91 95 83 52 71 16 61 93 67 73 50 6 68 31 40 14 67 52 1 47 96 10 48 71 63 91 
34 58 32 34 30 52 100 43 76 72 52 33 34 79 47 10 28 94 46 56 10 87 49 4 55 60 100 49 74 63 14 73 72 26 17 82 75 19 66 76 39 30 73 73 17 17 5 35 45 97 6 48 37 91 32 16 12 32 40 97 57 49 61 67 20 24 15 21 28 97 14 4 2 66 45 99 97 18 86 57 26 80 50 83 27 5 56 7 35 38 82 69 56 45 70 74 2 53 40 1 
23 61 89 96 90 90 72 33 71 81 14 96 5 64 73 69 12 5 65 76 1 45 76 13 1 89 14 43 66 28 54 48 69 78 22 82 25 66 92 76 49 81 78 80 16 63 8 57 54 57 46 95 65 89 63 68 64 21 71 49 67 92 38 65 43 3 73 46 71 55 67 67 18 22 55 37 5 24 69 69 64 85 82 13 37 69 52 45 82 79 44 83 18 40 77 80 58 19 92 19 
5 16 66 5 43 36 74 63 93 61 80 63 73 3 41 78 83 50 81 19 78 47 78 66 67 39 100 52 95 55 37 9 10 28 81 7 58 18 15 67 86 30 29 35 26 90 82 49 61 93 26 41 65 51 69 38 20 87 68 53 9 62 29 85 53 42 72 66 54 65 61 6 84 32 21 84 48 32 25 45 59 59 64 62 62 84 43 88 38 82 79 30 63 89 96 43 98 93 65 50 
24 83 8 83 9 15 49 25 30 35 100 51 50 23 92 32 85 68 12 25 20 78 75 64 71 66 96 29 83 2 75 11 38 31 58 68 98 52 89 15 72 47 61 8 22 49 33 6 58 95 33 90 1 51 27 18 13 33 44 34 76 40 99 98 66 61 73 51 90 44 63 44 44 87 6 38 86 93 43 49 1 53 67 30 45 2 97 48 36 98 57 50 37 46 11 18 98 8 57 39 
26 58 82 42 21 23 45 100 39 66 78 61 82 2 28 47 80 99 10 46 41 11 49 82 4 39 5 67 60 9 67 80 1 72 18 25 82 38 48 26 43 11 100 50 81 100 32 1 67 83 35 55 77 85 63 30 59 18 33 89 66 11 96 97 13 5 34 99 53 62 47 62 12 47 79 31 3 28 22 76 76 51 22 80 90 24 81 20 41 39 19 33 29 100 78 4 70 14 63 55 
22 52 92 41 62 85 86 96 60 31 60 88 32 45 15 54 48 51 20 84 48 8 35 96 48 48 18 61 61 42 27 80 95 54 80 81 90 12 84 81 65 11 18 1 56 51 32 71 51 76 39 24 11 2 20 87 14 49 68 61 74 25 27 71 23 25 73 98 78 56 6 31 38 71 28 99 55 34 26 78 44 72 82 82 3 21 39 52 77 52 40 13 83 88 9 14 29 90 17 48 
27 78 11 22 81 53 21 43 78 81 86 18 19 72 42 88 32 25 34 18 37 56 57 61 84 99 58 36 5 62 36 99 46 75 89 24 13 32 33 44 77 58 77 37 14 62 15 45 19 58 65 60 65 58 88 64 26 50 1 33 91 67 14 69 82 28 43 20 19 10 75 76 14 92 79 10 39 87 78 99 18 36 64 26 79 19 10 6 78 82 34 36 50 96 69 35 20 86 59 60 
63 30 82 21 32 93 72 93 37 70 86 38 15 15 96 23 31 46 95 37 65 40 51 46 11 94 12 64 27 34 83 33 78 79 53 13 24 66 53 54 77 74 96 71 80 56 23 80 64 81 7 37 90 83 8 76 89 88 71 45 8 4 7 34 6 51 48 44 95 8 31 58 9 46 98 14 96 29 4 4 17 15 19 65 64 1 66 79 39 30 16 8 52 52 53 16 26 43 82 36 
1 89 21 84 98 86 25 36 49 7 16 79 17 39 73 11 62 88 65 57 74 43 5 74 73 44 21 97 34 43 15 86 99 26 29 21 78 12 85 83 25 10 62 63 49 53 38 65 80 35 68 52 20 26 21 43 27 80 61 3 55 45 42 12 52 3 93 18 28 10 74 22 90 51 96 17 86 94 58 56 27 98 65 85 2 43 69 52 47 96 87 48 1 79 96 94 42 14 28 21 
25 100 56 86 91 63 77 64 6 72 14 94 11 77 34 59 24 66 13 65 19 11 42 50 80 28 35 60 41 52 14 24 51 38 47 48 23 8 39 33 50 76 30 25 28 2 59 3 9 51 95 52 100 2 41 73 72 11 9 11 9 5 100 46 68 94 82 44 26 70 36 25 73 35 32 23 64 47 36 16 80 42 8 71 83 10 63 49 27 50 76 40 90 13 87 87 44 68 43 49 
61 37 4 32 41 86 69 31 22 58 8 25 28 74 26 35 88 57 16 56 81 91 79 39 36 99 28 48 38 89 70 75 36 13 22 66 43 24 31 1 15 13 32 12 95 57 23 41 24 47 30 84 55 1 16 85 47 98 7 94 15 54 11 75 26 36 41 70 78 73 39 94 40 86 88 74 46 97 100 88 83 79 90 19 6 38 66 48 61 83 20 7 80 7 62 98 12 44 28 1 
96 12 47 36 52 13 80 2 25 21 52 47 20 63 5 22 45 61 92 21 10 95 89 67 2 91 9 21 50 62 27 9 2 72 58 2 53 78 82 39 23 60 91 15 33 25 31 13 79 4 94 66 59 11 69 67 13 40 66 31 6 18 82 53 48 69 39 69 71 69 85 3 98 49 50 33 42 97 93 66 34 34 71 69 27 37 7 78 30 6 100 67 85 57 14 19 53 71 41 17 
99 50 18 42 13 20 86 74 26 86 29 72 85 22 19 7 5 65 72 77 26 50 39 27 76 33 20 77 29 28 23 44 10 66 93 56 8 56 44 28 71 67 93 100 57 5 30 61 81 41 84 50 77 46 39 79 81 48 22 28 6 14 13 53 41 42 46 30 5 10 88 77 29 4 8 22 93 68 62 35 23 53 68 98 12 6 25 44 22 52 34 46 75 43 49 9 73 69 86 78 
44 6 24 41 12 94 24 36 47 24 45 15 93 39 57 20 34 32 94 90 7 20 21 13 30 1 37 32 24 98 96 18 87 27 18 37 61 60 69 70 49 83 38 15 11 44 91 17 99 41 68 79 44 6 58 53 51 65 27 55 31 69 10 8 46 51 4 22 53 70 78 86 52 96 7 93 95 34 70 88 99 22 34 99 75 23 66 74 89 64 25 8 22 75 25 27 96 18 99 12 
24 55 29 4 4 36 59 58 42 26 13 32 25 100 96 40 22 1 55 99 51 51 66 56 54 75 67 43 9 69 13 91 74 26 15 68 48 15 54 89 95 51 41 62 67 83 32 75 95 4 11 94 70 23 50 2 3 46 40 26 55 2 48 26 98 98 12 68 63 94 83 44 72 44 19 98 52 38 41 28 24 73 2 67 17 43 30 98 57 21 2 73 20 94 54 38 74 15 32 21 
8 76 74 17 58 89 39 69 8 16 94 87 90 99 30 51 72 70 51 40 38 66 100 60 67 42 63 57 41 23 49 1 56 40 25 54 5 54 65 48 68 3 58 10 85 19 36 57 50 23 44 41 89 33 55 76 49 58 57 24 98 62 25 5 57 35 54 9 65 72 14 6 24 78 2 50 62 47 19 97 23 31 99 60 61 29 54 88 62 93 55 28 100 70 68 48 63 57 92 79 
44 63 36 91 85 30 27 79 26 64 91 61 56 70 13 11 73 71 69 19 42 25 27 56 87 11 61 91 96 82 56 62 6 11 68 48 97 67 77 39 86 26 36 20 10 83 96 74 5 79 98 17 97 22 15 58 98 57 58 72 74 4 100 24 5 28 68 92 32 7 44 76 48 64 25 7 29 43 29 99 95 82 51 58 29 76 39 31 70 63 72 61 37 69 51 27 90 73 33 98 
2 23 66 77 34 54 79 11 79 46 51 58 2 27 52 17 82 18 29 3 38 52 78 7 6 62 44 12 49 44 65 94 69 16 74 50 40 25 59 14 92 20 95 88 21 53 83 94 57 95 53 26 52 6 85 33 23 10 8 88 8 26 88 14 65 38 25 59 56 8 19 80 41 98 44 44 37 94 44 36 18 58 49 35 35 34 64 16 36 94 39 29 28 96 44 81 66 66 60 100 
14 55 41 2 24 48 9 24 55 23 48 30 67 6 28 35 95 66 90 20 30 21 82 1 58 61 10 33 77 87 84 85 9 17 91 5 85 32 79 15 27 58 79 74 62 19 57 72 16 7 47 75 53 53 91 31 53 97 30 83 34 100 71 36 75 73 50 26 14 27 9 33 20 41 93 93 1 24 59 56 34 33 38 84 81 69 4 87 64 92 68 33 77 19 20 48 60 20 57 88 
33 96 90 28 82 92 88 12 54 72 59 88 85 10 62 34 95 6 49 89 12 62 98 31 1 42 12 21 29 19 70 39 73 63 87 24 74 53 45 7 70 1 96 56 35 68 86 25 90 66 10 92 95 86 98 50 50 48 6 35 36 28 15 74 78 63 75 33 48 100 33 79 100 5 45 18 47 11 39 31 6 38 39 46 92 24 15 50 91 16 69 56 77 55 25 66 22 31 21 17 
38 73 22 12 11 20 27 98 5 68 81 62 49 51 30 89 13 34 37 59 45 5 86 26 78 7 5 88 84 89 17 13 14 74 20 49 83 29 80 50 37 71 75 67 95 47 39 91 94 78 8 10 70 2 85 95 91 45 80 34 39 86 96 94 27 20 73 51 35 13 92 58 97 77 75 56 48 6 92 80 19 74 20 52 67 59 33 4 7 49 32 6 15 60 18 38 22 59 85 82 
27 30 77 10 99 40 90 50 80 59 49 88 56 18 27 87 89 55 6 46 23 97 57 18 97 56 45 80 97 4 56 97 76 96 57 12 10 76 26 58 18 38 80 66 39 37 89 12 96 58 34 43 26 21 41 88 58 24 62 93 20 70 67 16 90 85 42 17 62 84 77 65 22 38 5 55 51 48 97 63 41 7 21 21 35 4 58 85 64 93 66 9 70 18 49 60 24 55 70 63 
43 97 19 84 95 65 41 31 87 61 44 81 89 49 31 21 72 78 81 94 46 55 29 34 62 15 57 92 74 29 56 92 45 49 19 11 55 85 76 81 44 16 99 81 45 77 95 82 96 34 30 48 65 54 12 96 76 89 92 11 24 6 25 67 64 35 79 51 22 22 6 26 97 6 17 54 71 6 96 27 14 81 27 9 57 29 2 76 71 64 43 65 35 84 87 56 89 49 20 93 
56 87 68 59 38 47 23 21 72 100 5 14 3 16 33 6 64 45 4 41 17 98 95 42 28 51 4 74 46 20 4 85 47 34 97 44 37 92 13 42 66 8 15 31 34 56 43 66 27 95 46 64 85 1 68 29 98 72 85 36 10 92 82 7 68 23 99 25 63 61 25 49 71 3 41 84 17 70 20 30 100 76 54 85 82 99 6 97 96 90 42 40 32 39 12 93 64 87 84 24 
75 92 85 21 63 36 95 22 18 51 29 49 58 27 14 35 88 87 66 55 18 24 93 81 8 16 41 71 8 92 24 19 5 30 3 95 55 26 70 2 86 5 40 62 97 100 53 83 64 82 73 10 82 97 31 88 79 33 30 63 89 7 24 18 5 51 100 34 12 94 91 97 36 45 74 32 10 56 50 13 72 80 54 44 5 47 56 64 53 9 13 61 63 50 42 92 25 29 47 33 
10 94 77 15 64 2 36 3 59 97 64 10 24 83 79 5 52 4 17 80 43 58 67 77 53 65 42 24 9 74 19 92 52 35 79 53 38 33 73 52 14 9 46 79 78 42 65 86 54 66 62 83 95 52 58 68 27 66 21 96 14 20 65 45 13 40 18 74 84 55 23 49 8 82 19 67 59 70 25 23 78 68 70 4 77 42 98 90 43 3 42 95 16 83 100 38 9 49 58 33 
28 23 38 26 68 68 51 35 69 58 4 75 61 92 57 20 51 14 18 43 17 9 84 58 50 22 60 12 85 84 97 62 95 66 31 17 47 37 36 13 50 35 10 7 30 51 4 77 6 44 36 66 28 39 66 100 14 41 9 75 98 80 37 85 37 63 72 50 31 60 33 11 44 48 43 71 86 6 93 44 51 92 58 77 55 49 58 33 60 59 91 85 66 2 79 100 30 92 74 55 
82 25 29 97 78 89 63 81 77 31 35 21 94 75 54 20 20 97 40 60 1 43 20 14 17 39 94 53 84 88 3 79 18 33 86 72 22 13 47 76 82 20 57 100 72 62 54 91 21 90 21 89 50 12 43 1 2 91 89 82 85 94 48 23 37 25 94 13 14 44 96 37 70 4 62 38 50 41 19 10 41 15 3 67 9 72 46 19 12 72 77 51 35 53 94 83 70 70 74 64 
41 58 33 42 47 21 98 73 1 56 16 20 68 7 92 33 40 73 75 53 35 85 86 33 12 75 45 55 22 56 51 34 63 22 11 39 74 20 84 63 23 54 17 30 34 36 63 63 82 10 50 22 51 73 49 66 89 59 41 15 43 54 50 17 83 8 45 23 43 33 67 22 67 59 26 12 48 73 45 48 92 37 63 74 81 8 71 71 52 77 23 74 72 70 36 54 74 92 39 46 
48 72 39 38 63 14 59 38 3 67 96 25 11 73 8 33 59 87 17 7 44 39 49 52 10 32 32 34 98 61 83 88 78 54 53 35 4 40 48 70 84 79 56 69 54 56 41 8 31 1 37 27 100 93 58 37 23 100 13 95 85 79 88 88 57 50 38 88 43 63 98 94 29 80 2 44 57 54 90 34 83 17 15 52 90 65 56 54 47 73 33 73 59 6 39 16 56 59 78 25 
91 48 33 67 66 54 57 61 64 58 33 62 63 77 94 74 2 53 10 11 17 35 76 8 27 68 67 60 76 46 72 48 50 77 65 56 14 60 95 50 43 68 39 51 15 39 57 48 42 90 54 67 61 46 98 66 48 34 82 80 67 42 12 7 36 17 15 82 89 45 88 31 14 93 43 96 88 90 18 86 17 75 39 26 75 18 72 63 64 45 17 32 99 43 49 39 94 25 88 60 
5 15 99 76 14 10 54 73 84 50 34 48 16 10 57 75 26 97 45 38 45 12 14 1 78 67 4 44 23 56 35 45 79 37 29 58 90 54 100 49 58 73 38 5 6 91 10 91 72 45 52 75 41 56 75 17 39 95 43 65 74 61 45 2 92 44 66 49 73 38 37 3 86 66 45 74 92 37 15 67 20 74 33 54 94 88 47 85 52 29 90 93 100 94 80 44 6 4 79 47 
69 97 98 91 37 35 86 33 9 94 18 15 90 87 13 76 78 57 31 2 52 88 72 40 93 69 36 26 97 6 10 14 69 97 43 24 24 54 64 32 54 26 80 97 31 16 45 52 31 18 13 20 37 39 45 21 47 78 30 84 45 65 25 99 14 67 33 89 48 92 95 15 88 15 98 63 78 98 64 52 60 6 29 70 67 56 73 45 66 12 81 17 11 27 19 88 19 17 53 33 
14 54 45 53 39 24 83 46 33 95 9 24 91 5 49 15 81 50 59 51 22 48 61 73 15 100 5 50 9 68 48 51 18 61 47 48 95 39 95 33 66 75 17 61 95 13 21 25 16 45 90 41 47 70 66 60 68 96 58 73 75 59 98 70 74 39 25 85 85 42 99 25 36 50 28 65 72 10 98 76 76 46 40 84 40 34 71 49 90 80 64 6 10 43 83 77 25 54 70 91 
97 16 90 57 15 5 52 70 67 75 47 99 22 8 46 91 12 22 11 30 97 64 29 43 48 15 60 61 2 77 80 54 92 18 16 19 57 43 29 80 71 36 29 62 23 69 80 20 79 9 18 48 2 82 36 67 16 96 10 98 9 53 94 78 3 40 60 74 97 56 73 13 54 13 72 92 76 4 57 4 92 34 5 17 40 35 34 57 13 41 82 64 62 22 10 75 17 67 94 59 
96 32 59 83 6 7 42 91 48 14 91 78 98 65 63 34 63 26 40 56 76 38 3 71 7 53 46 89 11 96 30 40 16 76 98 22 60 96 7 10 94 1 78 99 7 88 37 33 42 86 18 18 7 1 66 12 23 56 34 72 38 75 100 4 69 24 22 56 67 58 57 61 35 51 94 40 16 89 17 11 78 86 39 18 78 81 91 83 31 47 53 1 15 78 54 7 98 48 73 16 
55 100 84 55 9 48 38 90 95 27 57 12 86 74 87 33 19 80 74 83 53 62 18 44 45 9 33 34 46 95 56 84 41 94 19 25 16 46 87 74 61 1 49 13 37 30 52 22 32 10 61 13 15 33 45 34 25 93 53 32 94 88 46 63 39 43 22 50 19 89 61 5 7 11 97 79 54 54 87 66 14 10 23 34 88 91 45 62 65 2 100 37 99 20 78 45 40 16 99 59 
4 2 16 25 30 80 77 72 33 7 70 43 89 77 8 13 12 9 68 48 81 35 84 96 96 99 71 33 78 29 49 88 64 65 97 16 86 38 85 91 11 78 14 63 66 54 14 29 65 13 60 14 95 54 24 77 62 43 61 75 65 40 10 21 10 4 38 83 36 13 68 86 2 13 33 84 73 95 62 79 8 93 88 34 14 12 83 83 8 95 32 86 95 23 75 54 99 48 98 97 
34 90 39 88 95 46 22 19 70 9 39 44 45 32 86 86 44 24 54 26 20 7 61 48 26 90 54 17 99 94 95 26 40 73 1 96 9 78 89 90 52 10 82 80 14 51 83 99 65 95 85 47 78 74 89 70 36 90 53 27 22 76 20 100 78 45 61 99 71 75 47 39 83 39 40 31 98 4 62 77 4 45 42 35 61 2 25 99 39 100 50 93 90 25 6 36 7 78 25 44 
13 17 83 74 53 46 79 84 79 12 99 25 97 96 47 81 8 45 54 43 79 32 76 93 14 26 83 66 34 86 18 67 32 51 89 6 31 39 94 92 62 17 36 8 95 54 96 14 5 22 14 34 79 34 34 39 78 29 83 92 84 82 61 19 33 56 93 5 3 37 86 72 98 28 87 100 67 29 56 13 74 13 72 41 53 39 52 36 10 3 44 8 34 52 36 26 75 11 56 32 
75 13 6 73 94 34 56 93 83 27 46 51 95 62 99 81 89 13 52 35 88 10 3 23 36 57 35 73 92 43 86 9 42 25 100 11 98 42 57 30 53 4 83 77 80 82 92 3 20 1 56 84 100 88 64 18 43 32 11 36 16 95 61 47 81 5 21 84 58 92 26 100 37 93 64 87 43 67 59 76 32 42 1 14 99 53 35 29 72 49 41 94 60 6 63 26 41 8 5 16 
91 60 21 64 45 34 83 48 28 20 13 95 48 46 52 29 94 56 80 32 63 80 81 47 25 18 30 65 59 90 60 11 80 19 16 30 47 60 36 28 74 21 96 58 86 42 49 34 83 75 54 20 64 40 77 83 20 79 71 84 99 56 11 72 1 24 97 95 10 6 81 93 19 86 72 2 32 10 7 66 34 25 51 67 66 66 6 76 19 98 62 32 75 69 15 59 40 67 78 50 
95 88 44 67 15 57 67 44 57 66 93 55 39 51 7 31 34 52 18 33 88 44 54 85 13 4 69 39 100 48 72 28 52 17 68 59 14 40 40 86 99 73 62 1 70 36 2 100 52 68 42 44 95 25 34 3 3 13 3 18 68 6 36 69 53 86 83 30 65 73 74 95 75 49 62 76 14 54 38 15 56 31 6 99 4 34 80 13 42 12 99 91 25 33 24 20 24 88 94 34 
45 70 87 77 25 40 35 4 65 65 66 87 61 82 76 16 84 1 25 33 31 28 65 20 45 68 36 44 5 79 27 58 86 87 80 91 28 29 45 36 1 55 59 63 90 73 83 26 17 8 81 77 81 97 22 65 26 10 67 82 34 48 77 54 36 21 80 80 65 50 80 15 19 29 95 8 28 13 71 85 12 60 3 85 41 10 77 60 73 33 90 46 43 97 62 41 42 56 3 24 
39 34 95 59 58 29 16 49 72 38 47 31 73 48 40 18 67 24 85 45 17 20 13 49 44 18 66 49 41 33 78 49 73 53 73 61 17 48 1 89 20 62 1 42 23 8 28 76 63 66 42 72 68 68 24 68 13 50 65 36 50 8 68 49 73 79 47 89 86 60 18 56 94 8 38 67 42 14 95 1 35 97 97 91 10 53 28 63 75 28 87 79 86 12 42 44 84 62 97 59 
64 57 83 78 6 77 60 33 75 49 65 93 31 29 56 93 13 20 61 50 95 99 1 1 88 48 67 12 35 78 6 17 44 2 72 70 6 22 53 15 81 53 79 5 33 21 92 75 45 49 13 85 68 51 45 63 21 18 67 58 99 76 2 29 19 60 76 8 1 37 6 78 89 37 75 41 14 10 64 84 31 3 17 85 16 17 46 1 28 55 42 77 23 83 63 27 22 88 28 69 
47 41 4 54 69 42 19 55 4 86 54 38 70 56 99 41 90 36 24 30 40 16 40 70 89 85 31 62 26 81 32 55 38 69 72 21 96 21 81 73 56 17 12 30 56 28 58 99 12 11 41 2 67 56 15 22 38 49 45 77 100 37 51 85 30 5 85 78 36 55 3 35 81 59 69 53 50 36 29 4 41 88 77 42 97 83 76 23 11 67 38 35 98 52 49 84 97 36 63 77 
54 4 59 19 56 30 20 64 73 37 11 45 75 3 61 80 61 87 2 76 73 67 95 88 28 48 99 38 47 94 48 89 53 31 72 26 90 33 90 78 59 2 41 65 67 30 36 63 88 89 72 81 43 83 30 32 17 15 24 44 2 4 62 58 9 57 48 93 100 47 85 98 34 12 52 45 35 39 22 78 19 46 2 97 55 89 94 90 17 15 86 78 68 53 26 19 99 2 32 94 
32 2 37 97 83 73 51 19 9 50 89 20 23 47 49 36 22 77 75 83 26 52 32 99 37 38 83 32 58 27 3 31 14 68 15 53 77 43 88 80 76 21 95 72 17 81 22 25 13 27 62 33 19 84 3 69 52 9 12 40 26 14 10 96 90 26 53 82 33 10 57 80 7 30 70 69 27 95 88 46 55 17 14 67 43 59 22 54 72 48 35 28 15 71 28 82 33 40 75 8 
46 49 100 8 94 83 2 16 42 35 50 5 65 91 20 77 95 74 67 19 81 39 26 24 3 43 89 46 1 55 68 89 45 35 32 7 64 8 15 71 16 67 45 82 63 25 47 70 60 61 51 18 29 76 14 93 50 78 59 57 19 85 84 15 97 16 85 83 83 26 89 99 50 85 36 75 68 88 45 91 92 20 45 39 10 98 39 73 40 16 71 95 37 50 27 20 20 70 93 94 
35 61 34 41 96 7 7 11 12 85 43 100 6 75 3 13 2 14 60 61 10 80 59 38 57 79 28 47 52 29 64 68 14 20 4 3 91 87 5 21 98 24 59 53 97 35 53 72 58 36 80 96 85 46 74 17 15 96 61 14 10 40 35 99 27 32 88 76 26 66 2 4 73 79 42 23 8 53 29 97 26 46 17 30 33 17 100 83 84 19 20 36 87 6 14 6 26 75 16 69 
96 52 71 86 93 62 26 30 62 11 72 45 56 35 53 69 72 82 26 5 6 20 72 26 5 32 86 49 19 52 9 52 40 44 78 97 74 47 42 48 36 56 31 14 1 60 96 3 22 57 51 20 66 99 92 58 16 56 44 42 4 68 62 7 97 82 80 27 10 86 68 46 67 73 8 53 45 51 61 43 53 16 75 15 67 28 26 3 80 63 58 34 87 26 39 6 30 97 20 63 
81 16 81 42 29 72 55 79 47 20 62 36 12 86 73 49 67 16 62 68 77 58 2 92 5 5 5 6 8 90 99 100 93 1 46 9 96 81 22 75 51 55 46 37 72 30 10 91 92 32 17 52 71 2 18 8 49 50 100 58 81 7 90 61 43 34 26 26 8 23 6 22 50 20 90 21 95 50 94 88 22 81 90 45 87 86 30 96 100 78 7 9 44 86 54 70 5 46 66 77 
51 100 65 13 55 77 48 9 59 1 6 12 51 18 87 32 41 7 32 27 74 19 16 92 83 39 73 47 83 61 83 41 61 9 30 34 45 75 72 93 7 50 44 92 89 14 56 1 76 49 18 47 27 14 8 56 19 56 49 43 18 14 2 36 50 11 1 68 62 88 33 25 77 44 45 70 84 29 59 60 42 14 8 7 35 30 64 23 67 73 31 80 94 99 62 89 93 91 9 53 
2 45 70 8 53 23 37 9 50 62 96 77 21 38 75 91 15 41 31 18 1 22 92 73 49 92 81 69 62 99 54 32 79 39 52 20 33 99 12 93 94 76 91 44 88 6 52 84 25 39 22 77 24 27 93 87 42 81 12 45 38 34 32 10 42 99 18 64 71 40 93 61 89 33 97 65 3 37 3 62 61 69 88 88 30 99 32 28 65 80 82 57 27 99 12 25 39 92 84 20 
76 88 23 83 39 19 60 43 58 48 89 68 58 5 23 40 71 21 87 74 81 64 8 63 26 37 20 98 47 26 25 2 100 69 53 43 15 62 23 22 12 39 30 70 30 64 42 5 88 40 32 56 65 69 2 49 6 89 4 11 71 66 71 56 86 55 94 72 55 40 61 62 45 87 35 100 90 96 75 97 94 94 28 25 99 47 60 31 51 38 98 93 76 13 44 7 59 6 85 10 
48 10 80 55 62 53 54 17 94 79 16 68 52 66 60 7 29 32 13 14 27 78 14 19 13 38 26 70 36 30 94 57 21 45 12 53 17 66 30 15 39 66 90 75 12 34 16 42 94 43 33 8 46 95 37 66 42 14 78 1 68 92 41 45 28 7 65 71 81 28 41 87 85 42 72 48 25 7 27 10 40 92 37 3 30 1 35 53 37 83 71 64 87 1 5 27 43 68 27 20 
75 75 57 32 7 95 60 48 72 55 37 56 55 72 6 4 7 60 2 60 70 78 60 46 11 49 31 98 59 65 7 17 29 23 83 2 13 3 50 57 8 48 36 18 59 83 81 84 21 86 51 55 73 56 71 61 45 33 71 49 79 8 38 49 12 23 40 68 93 53 98 80 53 56 67 33 21 6 64 79 16 18 100 85 18 18 48 75 56 45 35 6 53 59 66 40 26 84 70 58 
76 37 83 55 99 19 84 85 58 96 55 4 93 19 70 28 41 91 99 54 91 61 40 99 24 78 37 78 7 7 81 61 15 28 23 30 97 37 54 86 25 52 49 8 42 19 62 85 54 88 32 47 79 3 84 72 57 16 51 30 32 69 45 98 94 75 70 25 14 48 66 28 44 74 87 87 29 68 27 3 36 83 51 63 18 45 5 34 87 18 77 51 100 9 25 66 49 19 47 69 
56 41 99 51 3 86 74 14 4 81 78 85 43 87 75 100 27 69 45 18 11 33 75 26 15 29 73 63 37 9 58 60 92 93 38 24 5 63 47 25 31 11 13 86 14 57 34 31 97 20 51 68 23 96 45 12 4 99 47 13 18 97 39 41 71 88 95 22 41 44 4 29 31 76 94 18 19 91 71 89 43 68 77 73 37 66 31 100 17 14 18 37 90 86 52 78 70 41 80 77 
49 20 54 99 59 37 76 84 98 83 62 55 80 97 9 85 32 54 12 53 22 47 77 65 96 3 26 24 82 88 5 20 41 12 29 100 48 18 7 70 6 44 72 83 31 17 1 60 9 63 2 4 84 68 1 25 75 92 95 71 53 100 84 28 86 65 4 3 25 9 45 64 56 93 1 6 46 43 32 72 70 6 13 10 40 48 80 30 97 80 31 80 5 74 41 57 31 58 35 15 
28 18 84 71 52 98 47 51 18 20 72 45 57 85 95 59 55 82 86 19 42 76 28 54 19 66 29 17 35 17 79 76 67 4 19 43 76 19 29 70 46 18 90 33 42 18 96 50 78 58 37 56 18 30 40 91 54 1 53 69 54 89 19 34 40 56 20 96 31 71 26 85 23 1 65 5 90 15 100 19 1 39 80 68 32 18 35 20 93 55 94 96 17 23 15 77 63 64 22 48 
75 32 68 69 66 76 3 86 33 37 17 8 30 84 27 6 16 29 76 37 96 57 27 79 51 88 61 24 42 18 70 12 51 43 66 26 22 65 45 16 19 4 49 20 94 60 42 33 36 60 18 35 22 10 62 22 16 22 73 77 94 6 31 12 3 19 87 72 70 11 37 7 83 13 90 86 79 52 76 60 25 70 83 86 62 59 6 48 29 68 57 93 53 9 51 13 48 18 18 13 
25 39 15 100 88 68 31 55 26 4 49 13 65 18 43 96 37 20 24 56 32 66 67 8 15 38 28 23 54 34 37 57 71 36 98 43 93 92 34 85 26 7 11 58 66 58 2 61 53 81 12 91 7 2 90 33 95 91 2 4 86 20 40 27 13 27 23 71 16 20 7 47 90 20 37 76 24 2 30 52 59 84 4 92 51 20 64 62 76 55 67 4 37 89 3 35 51 54 71 82 
76 1 8 56 12 89 62 94 80 11 26 27 40 29 55 100 80 97 21 41 69 48 38 29 99 17 35 82 3 94 52 76 47 42 19 25 92 72 16 35 23 6 53 23 21 29 86 90 9 39 23 42 38 62 75 86 55 15 16 14 75 29 26 2 64 67 53 47 97 60 61 67 75 96 9 34 17 83 55 98 11 72 75 46 76 56 39 15 41 19 43 46 82 1 42 66 48 79 39 61 
33 67 35 71 30 49 64 74 67 21 67 47 54 93 70 5 53 24 96 84 71 62 60 44 3 19 28 72 55 42 47 39 5 18 68 20 21 12 79 78 65 8 35 93 69 29 89 73 48 91 37 89 68 11 53 80 58 12 26 29 96 26 32 13 91 52 21 69 61 39 10 89 100 19 60 7 96 43 48 61 82 72 74 68 56 87 6 37 63 66 92 61 73 14 66 35 74 33 74 69 
8 6 12 7 97 51 13 98 14 99 43 44 73 53 43 61 93 79 13 81 57 62 18 44 45 18 54 12 32 71 7 50 7 12 43 74 15 70 99 63 82 45 71 6 65 96 90 95 72 96 84 61 68 60 96 64 55 4 24 99 30 29 31 41 96 83 12 7 35 87 82 8 99 32 56 32 65 56 4 69 38 33 16 71 21 72 53 25 6 92 58 61 40 100 78 35 9 30 97 40 
56 43 3 82 33 34 9 98 94 75 43 68 85 22 56 71 94 45 73 94 27 55 49 77 24 76 33 17 14 34 69 34 32 56 98 13 18 42 43 71 50 15 54 88 38 3 17 6 52 59 16 97 16 59 74 53 56 64 64 9 44 80 9 97 46 34 22 95 6 67 12 30 16 4 14 65 42 56 34 86 74 31 78 9 61 53 63 71 95 33 91 79 54 6 34 5 51 48 15 44 
95 70 19 62 2 78 18 42 52 40 80 96 6 19 45 20 29 38 89 18 9 27 49 5 70 44 48 49 89 36 42 28 68 56 49 73 82 61 63 24 11 27 17 32 5 44 87 79 63 44 63 42 73 23 4 9 79 73 22 80 47 24 87 7 34 46 42 11 41 57 44 29 87 47 30 81 17 86 58 47 11 4 84 21 96 49 65 20 30 76 17 74 92 15 10 99 12 53 10 6 
72 83 35 7 19 25 76 19 65 81 69 38 82 13 100 97 61 13 61 6 12 66 43 73 80 92 67 79 82 73 64 90 89 9 51 85 75 33 40 82 43 84 81 26 52 32 68 33 39 27 66 69 27 40 45 21 4 33 62 59 26 95 25 53 3 94 4 16 6 100 57 9 19 78 65 18 1 92 32 98 18 83 3 66 22 14 73 15 6 49 37 75 14 42 17 24 84 90 80 69 
57 68 69 72 39 54 37 26 65 25 50 6 12 63 61 34 99 63 81 9 86 7 58 96 45 88 51 94 53 46 93 15 25 79 13 11 91 97 10 21 89 76 43 4 54 84 90 37 23 95 30 6 67 12 73 86 99 36 47 53 85 22 71 97 94 21 71 60 86 28 50 78 11 100 68 67 22 15 45 45 90 60 74 48 79 61 17 8 43 4 35 16 26 47 42 89 23 12 41 81 
1 30 54 90 7 58 17 33 92 17 31 92 72 74 100 83 4 72 42 92 23 33 100 67 65 21 59 27 23 91 69 77 98 27 48 41 49 81 37 47 81 8 76 16 40 18 76 94 40 4 79 79 76 51 77 84 64 84 38 33 83 83 7 74 37 69 95 5 24 95 66 53 10 93 51 96 45 29 13 76 90 24 40 65 81 30 26 82 21 35 33 68 93 70 3 58 38 71 4 40 
92 47 8 89 22 63 30 11 43 38 91 89 33 7 82 95 24 94 27 41 86 34 87 11 48 39 72 2 83 74 77 58 77 80 59 56 76 10 95 62 79 1 74 23 30 17 93 47 63 72 97 96 46 7 77 74 14 57 75 40 74 53 65 43 79 90 93 99 52 15 83 75 4 68 75 4 58 20 62 35 10 20 9 15 14 15 32 50 18 66 86 2 81 39 83 15 87 2 1 90 
45 82 32 1 96 73 70 69 6 93 78 95 55 97 74 89 30 96 3 74 10 78 17 75 51 92 6 51 41 47 64 71 29 17 90 84 31 14 7 3 16 83 41 19 72 5 71 70 82 28 55 82 47 7 65 77 7 46 9 32 66 16 9 43 80 41 7 38 20 31 9 87 67 23 77 59 8 18 40 84 36 5 34 24 99 58 12 25 66 82 80 55 97 38 55 94 52 8 100 12 
84 56 95 19 25 64 22 95 62 19 94 38 77 99 2 27 56 20 13 81 13 37 23 8 68 16 21 85 11 13 88 59 29 82 83 95 62 78 97 63 13 24 68 48 65 72 16 13 74 61 12 18 19 29 54 3 60 95 72 99 56 77 96 12 40 66 49 2 34 77 30 37 86 34 9 48 45 66 91 69 9 72 71 60 26 42 54 44 51 60 67 74 89 51 53 69 38 64 65 16 
17 44 73 40 11 38 38 31 90 10 69 13 86 55 20 38 56 99 55 75 60 14 20 58 61 58 12 89 92 8 82 6 83 41 31 46 16 94 79 81 7 55 52 9 60 95 2 70 40 39 46 65 18 78 5 99 93 79 36 59 42 63 87 42 87 94 49 8 10 64 7 4 36 48 97 37 1 52 34 88 99 70 63 31 86 86 47 91 72 32 14 24 88 82 92 22 76 39 67 72 
92 57 71 48 12 60 38 47 3 52 37 46 8 4 9 5 96 21 10 82 33 94 61 53 97 80 15 51 35 16 93 5 72 69 9 61 88 24 55 31 68 33 94 51 84 28 43 66 87 51 73 93 68 26 93 56 70 81 63 31 37 90 19 30 91 44 90 40 15 22 56 45 85 55 16 32 99 26 93 84 46 82 86 68 5 22 43 91 38 29 68 43 94 29 44 65 64 3 31 47 
83 4 54 63 71 70 62 36 77 15 19 3 21 29 57 11 64 47 15 88 87 25 95 16 41 13 72 29 87 60 62 89 72 15 3 18 54 9 94 98 80 82 17 79 69 22 33 90 56 21 81 83 86 84 17 11 63 4 72 81 47 79 44 30 58 78 35 36 3 44 89 53 84 64 100 49 34 28 91 47 75 40 58 13 93 51 83 61 14 95 15 87 4 86 47 41 44 45 26 57 
10 47 65 19 77 87 80 75 44 23 83 1 96 89 17 94 47 2 83 87 77 73 86 22 58 97 18 43 33 80 42 35 50 14 17 69 16 15 3 25 88 20 72 82 66 30 62 28 38 27 27 63 57 91 17 25 55 82 34 93 50 48 58 79 81 14 74 66 75 40 81 97 61 85 55 74 14 95 35 41 66 78 7 95 18 21 39 70 77 4 87 75 48 17 44 79 19 34 34 47 
41 17 31 80 7 73 59 6 43 19 76 51 4 38 53 51 95 14 22 98 63 61 92 3 89 71 51 3 33 86 8 65 22 94 40 59 76 55 66 70 8 57 58 39 11 91 9 31 15 39 45 16 41 68 51 20 95 59 56 42 49 55 6 26 88 2 13 62 32 72 97 63 40 89 41 26 45 31 8 28 58 6 26 27 73 60 65 45 16 97 71 66 97 51 50 13 49 73 68 69 
66 42 6 13 96 23 79 86 73 1 79 70 14 2 28 31 49 63 11 9 41 9 99 89 2 50 17 30 100 37 64 92 97 68 16 54 94 98 89 16 17 85 91 3 31 33 26 12 72 54 27 55 18 91 53 31 26 5 20 54 90 20 97 75 81 27 36 3 17 39 8 18 74 59 48 99 96 59 76 17 61 53 23 27 19 38 57 25 17 18 61 9 80 82 69 36 82 76 71 59 
93 86 48 79 98 66 29 86 64 40 55 14 15 77 2 61 92 86 42 99 35 9 16 82 62 11 65 29 91 27 91 47 2 62 89 49 87 62 20 57 58 58 86 48 91 92 17 14 29 17 3 46 35 68 99 46 85 16 86 8 47 33 2 80 6 83 27 38 94 6 76 21 93 90 25 92 95 65 28 46 54 92 8 28 55 89 78 52 73 57 45 7 35 61 3 15 35 54 47 39 
36 25 60 83 4 88 65 32 68 98 54 30 30 46 3 61 91 48 37 68 87 75 96 40 37 2 49 36 66 55 64 4 22 16 57 41 42 33 7 36 30 93 33 36 86 94 72 61 10 38 33 92 56 53 71 13 29 97 52 32 22 60 4 41 99 60 81 38 2 68 2 58 12 8 33 73 87 3 20 15 92 41 33 78 96 7 86 74 12 35 82 68 82 35 51 89 18 21 93 11 
10 43 54 27 94 80 14 98 10 48 60 59 85 31 21 68 18 50 87 98 93 81 64 43 54 85 31 92 56 73 72 13 67 61 100 84 87 94 15 60 70 71 57 62 26 68 9 28 32 64 37 44 90 45 94 30 47 51 20 95 61 34 81 76 64 52 62 15 15 78 58 29 89 80 73 3 75 39 19 64 49 16 88 40 94 57 24 77 1 1 99 35 49 17 70 82 77 29 97 21 
66 38 67 35 92 28 70 99 95 3 33 48 43 90 84 81 23 73 44 13 54 97 62 2 47 70 55 75 71 70 38 95 5 16 75 34 12 48 18 77 51 11 26 43 35 96 67 64 11 66 46 46 75 67 19 97 54 33 52 35 42 41 34 99 40 69 53 53 63 92 33 27 4 10 42 86 75 36 84 77 68 75 72 19 24 16 38 21 90 97 94 6 89 25 44 24 43 76 77 49 
52 62 86 35 38 8 15 50 58 24 12 65 8 40 98 27 7 13 97 27 51 63 40 28 6 29 2 85 25 20 100 92 54 73 14 37 78 6 25 3 84 41 79 30 64 29 30 41 29 96 42 30 6 53 23 47 68 92 23 78 42 63 54 76 79 89 29 100 95 75 47 33 64 74 57 37 50 42 42 6 39 2 25 57 41 93 10 30 25 95 28 59 10 9 25 32 39 25 51 28 
94 58 85 73 85 34 82 66 77 45 59 63 82 100 8 82 62 57 38 74 82 60 47 86 59 53 53 87 39 98 92 74 97 30 63 32 65 28 43 11 83 30 32 4 78 77 95 41 88 65 41 1 97 75 28 60 46 21 12 93 19 6 31 76 91 21 70 11 2 25 55 30 48 54 40 35 26 100 45 44 9 95 2 80 7 19 58 45 85 98 100 14 51 63 74 79 72 60 30 34 
57 39 6 19 71 75 75 20 71 11 78 67 95 31 96 42 83 41 61 81 41 65 27 89 31 17 66 54 5 22 14 65 97 59 70 24 25 31 16 7 66 51 92 71 41 76 66 52 44 12 36 27 20 37 40 53 88 79 62 73 89 89 95 31 21 74 84 91 57 97 8 83 32 79 99 31 92 65 28 7 40 34 15 58 29 36 85 3 18 14 41 51 15 28 14 13 37 2 35 37 
46 79 34 86 46 100 63 50 62 38 41 80 90 48 25 98 28 70 59 11 38 32 8 84 29 94 21 9 74 64 83 11 80 42 99 20 83 42 45 3 67 52 68 40 65 71 10 39 29 35 78 79 99 62 63 34 95 73 36 17 83 95 59 57 8 61 40 98 43 42 17 49 40 75 47 38 40 39 44 45 25 9 17 46 17 1 15 52 74 94 34 86 81 19 85 11 73 41 73 87 
73 89 86 9 95 41 40 24 27 18 6 89 90 49 80 93 3 90 87 31 71 60 84 11 2 83 73 72 92 62 63 65 78 50 49 39 48 15 34 36 24 1 61 42 23 15 13 62 57 34 13 23 12 70 22 85 96 96 15 100 89 79 28 98 17 23 57 34 64 4 88 94 38 70 6 73 97 80 55 15 99 95 14 52 6 13 95 45 57 70 33 54 90 64 41 79 89 82 3 67 
70 26 4 42 94 94 80 87 62 44 18 60 35 87 1 87 74 26 75 61 41 80 93 58 99 64 49 94 49 50 81 61 94 95 15 66 1 59 69 41 7 32 31 19 30 49 8 49 41 69 7 14 55 58 98 78 24 27 33 60 69 89 11 47 83 67 15 56 53 22 53 75 58 51 31 49 30 30 79 67 12 56 76 16 16 26 77 44 25 52 88 34 27 75 4 98 33 23 100 61 
85 17 40 77 39 57 91 3 33 20 77 82 10 82 53 25 63 28 87 17 78 79 62 84 92 96 41 13 97 35 53 93 46 36 32 36 29 8 5 46 71 57 30 95 55 17 77 31 31 71 69 8 74 6 2 46 94 11 83 72 5 96 93 2 77 55 97 78 74 78 69 51 28 2 41 32 36 93 73 4 98 83 6 8 83 83 54 71 95 27 46 28 75 81 42 8 5 30 94 82 
81 17 45 53 42 29 29 42 48 85 88 70 22 5 18 37 86 82 29 47 61 65 16 27 79 1 44 55 96 94 33 25 53 94 17 18 48 9 96 53 64 79 35 52 73 33 81 89 3 80 83 85 92 45 36 53 69 99 13 43 72 36 82 78 26 53 57 60 36 72 57 94 87 92 89 57 19 49 75 80 41 53 30 43 59 32 30 10 81 27 58 34 31 50 24 77 8 50 30 51 
